%PEER STRONG MOTION DATABASE RECORD. PROCESSING BY CDMG.
%NORTHRIDGE 01/17/94 1231, SYLMAR - HOSPITAL, 360 (CDMG STATION 24514)
%ACCELERATION TIME HISTORY IN UNITS OF G. FILTER POINTS: HP=0.12 Hz LP=23.0 Hz
%NPTS=  2000, DT= .02000 SEC
   .5981346E-02   .4955168E-02   .3783121E-02   .2462147E-02   .2886384E-02
   .8611553E-02   .1405213E-01   .1426419E-01   .7762593E-02  -.1011570E-02
  -.1018150E-01  -.7542899E-02   .2106154E-02   .3587396E-03  -.1386643E-02
   .4185447E-02   .4374989E-02   .1418031E-03   .5529249E-02   .1192241E-01
   .6687558E-02  -.1254680E-01  -.1247562E-01  -.5224756E-03  -.2357696E-02
   .5301236E-02   .6048641E-02   .2039777E-02  -.1076455E-01  -.2314763E-01
  -.1756954E-01   .2189609E-02   .8053287E-02   .9228019E-02   .3534684E-01
   .2571772E-01  -.2818132E-02  -.1849689E-01  -.2804750E-01   .1846921E-04
   .3528767E-01   .7968640E-02  -.2469520E-01  -.7497359E-02   .1044711E-01
   .1331291E-01   .1502815E-01   .2345395E-01  -.6970005E-02  -.4292339E-01
  -.2841906E-02   .3199269E-01   .2408520E-01   .1813203E-01   .1398322E-01
  -.1461804E-01  -.3817236E-01  -.3204673E-01  -.2723384E-01  -.1609390E-01
   .3097860E-01   .4765610E-01   .5331148E-01   .3150540E-01  -.2605680E-01
  -.1611642E-01   .3083515E-02   .3306341E-02   .1066100E-01   .2570033E-01
   .3224305E-01   .4039431E-01   .3525088E-01   .2884775E-01   .1169445E-02
  -.4428032E-01  -.3614950E-01  -.3020556E-01   .4283065E-02   .2932139E-01
   .5063262E-01   .1192603E-01  -.1887556E-01   .3634657E-01   .5940300E-01
   .2181431E-01  -.1328152E-01   .2554001E-01   .2686736E-01   .8690254E-02
  -.1399118E-01  -.1363273E-02   .1069138E-01   .3158974E-02  -.3019372E-01
  -.2801880E-01  -.1815615E-01  -.5296033E-01  -.3928697E-01   .1073918E-01
   .5073261E-01   .9719667E-02  -.5218696E-01  -.2111855E-01   .3784888E-01
   .5921606E-01   .1209635E-01  -.3082073E-02   .3750290E-01   .4564371E-01
  -.2190027E-02  -.5105091E-01   .1539512E-01   .6933594E-01   .1016182E-01
  -.6062807E-01   .6720637E-02   .1125488E+00   .1303796E+00   .3732104E-01
  -.2722036E-01  -.3648287E-01  -.7717770E-01  -.8017232E-01   .1666862E-01
   .8517089E-01   .7193341E-01   .8881175E-02  -.1917492E-02   .3082615E-02
  -.5035920E-01  -.5994919E-01  -.2279666E-01   .1601642E-01   .2329926E-01
   .5521611E-01   .3564132E-01  -.4086784E-01  -.4348922E-01   .9987343E-02
  -.1524745E-01  -.4214486E-01  -.4363304E-01  -.1782706E-01  -.3654180E-02
   .1533207E-01   .5686236E-01   .6089132E-01   .4301578E-01   .4284131E-01
   .7026090E-01   .1917210E-01   .1176177E-02   .3990959E-01   .4020021E-01
  -.5216390E-02   .5200025E-03   .9144010E-02  -.7428028E-02  -.1094951E-02
   .2751594E-01   .3823296E-01   .6362946E-02  -.2790816E-01  -.7071973E-01
  -.1168300E+00  -.1604463E+00  -.1882201E+00  -.2274892E+00  -.2681904E+00
  -.3048351E+00  -.3339593E+00  -.3466126E+00  -.3567822E+00  -.3585235E+00
  -.3718439E+00  -.3863607E+00  -.3919046E+00  -.4169091E+00  -.4648931E+00
  -.4945794E+00  -.4819551E+00  -.4651345E+00  -.4604275E+00  -.4443188E+00
  -.3426292E+00  -.1289312E+00   .1087163E+00   .3179190E+00   .4730179E+00
   .5716751E+00   .6608279E+00   .6780871E+00   .6258516E+00   .5859479E+00
   .5116192E+00   .5571578E+00   .2024658E+00  -.4482354E+00  -.5895913E+00
  -.5116963E+00  -.4180943E+00  -.3681881E+00  -.2701307E+00  -.5314948E-01
   .2052090E+00   .3842952E+00   .4702706E+00   .6395087E+00   .8402975E+00
   .8433060E+00   .6667518E+00   .5677594E+00   .5524315E+00   .4890055E+00
   .4157987E+00   .3798922E+00   .2807315E+00   .4761976E-02  -.2398834E+00
  -.2945905E+00  -.2167282E+00  -.5963838E-01   .4380755E-01   .1176551E+00
   .1714842E+00   .2416710E+00   .2427905E+00   .1020035E+00  -.1673003E-01
  -.3582182E-01  -.2969615E-01  -.4394908E-01  -.8894786E-01  -.1365721E+00
  -.1672950E+00  -.5751900E-01   .1109570E+00   .1841211E+00   .1902589E+00
   .1013991E+00   .3865638E-01   .2431569E-01  -.3335765E-01  -.8671131E-01
  -.1027340E+00  -.1165127E+00  -.1416072E+00  -.1941602E+00  -.2480106E+00
  -.2743914E+00  -.2822684E+00  -.2693486E+00  -.2440072E+00  -.1506768E+00
  -.2110368E-01   .3993562E-01   .4579087E-01   .2355838E-01  -.1870997E-01
  -.7248699E-01  -.1088434E+00  -.1532589E+00  -.1728506E+00  -.1933134E+00
  -.1745919E+00  -.7856872E-01  -.5908609E-02   .2648802E-01   .3630083E-01
   .5725407E-01   .1370562E+00   .1340088E+00   .3504373E-01  -.1227266E-01
  -.3583631E-01  -.7286805E-01  -.1499736E+00  -.1195088E+00  -.2793492E-01
   .1930028E-02  -.1007399E-01  -.7242011E-01  -.1325804E+00  -.1612400E+00
  -.1144380E+00  -.6693724E-01  -.4667154E-01  -.9755366E-02   .5692236E-01
   .8877423E-01   .8251687E-01   .8099228E-01   .8552039E-01   .8983121E-01
   .4901214E-01   .2521483E-01   .1720405E-01  -.9786887E-02  -.7087235E-01
  -.1072075E+00  -.1028039E+00  -.1105964E+00  -.1383830E+00  -.1622323E+00
  -.1696678E+00  -.1697502E+00  -.1555770E+00  -.1291027E+00  -.6283503E-01
   .4550045E-01   .1386451E+00   .1892557E+00   .1865335E+00   .1408317E+00
   .9662307E-01   .5050503E-01   .9952110E-02  -.3394234E-01  -.6823961E-01
  -.9562026E-01  -.1165688E+00  -.1237453E+00  -.9448231E-01  -.2925615E-01
   .2626164E-01   .6307977E-01   .7434587E-01   .7636873E-01   .6474603E-01
   .3298343E-01  -.2082954E-01  -.8667852E-01  -.1663495E+00  -.2395190E+00
  -.2841826E+00  -.2151723E+00  -.5854601E-01   .7517616E-01   .1560715E+00
   .1758342E+00   .1407922E+00   .5660669E-01  -.2315001E-01  -.4440767E-01
  -.1000496E-01   .4199376E-01   .1071535E+00   .1607996E+00   .2131522E+00
   .2475529E+00   .2505171E+00   .2328580E+00   .1925130E+00   .1605392E+00
   .1581291E+00   .1712913E+00   .1720187E+00   .1457344E+00   .1292921E+00
   .1216422E+00   .8757229E-01   .6928788E-01   .1039333E+00   .1491469E+00
   .1406066E+00   .1050597E+00   .8965368E-01   .6949448E-01   .3234310E-01
   .2376665E-03   .1573767E-01   .6059122E-01   .7901351E-01   .5015065E-01
  -.1301176E-01  -.6993892E-01  -.1042425E+00  -.1147576E+00  -.1216446E+00
  -.1411694E+00  -.1760431E+00  -.2052089E+00  -.2222459E+00  -.2369900E+00
  -.1707460E+00  -.4292213E-02   .1551869E+00   .2704938E+00   .3322018E+00
   .3437768E+00   .3171518E+00   .1946753E+00   .4590731E-01  -.8466389E-01
  -.1778521E+00  -.2027829E+00  -.2150453E+00  -.2334298E+00  -.2683117E+00
  -.2866320E+00  -.2732475E+00  -.2408676E+00  -.2348833E+00  -.2233950E+00
  -.1930398E+00  -.1858957E+00  -.1975819E+00  -.1968159E+00  -.1540605E+00
  -.9953238E-01  -.5452591E-01  -.1588935E-01   .1640485E-01   .4078589E-01
   .3856838E-01   .1497576E-01   .2688831E-01   .7956210E-01   .1158934E+00
   .1213341E+00   .1259934E+00   .1412016E+00   .1547247E+00   .1135932E+00
   .3727773E-01  -.1099177E-01  -.3988128E-01  -.7225103E-01  -.9940960E-01
  -.1076870E+00  -.1060173E+00  -.8091820E-01  -.3302721E-01   .3978236E-01
   .1150828E+00   .1544282E+00   .1648454E+00   .1701432E+00   .1804920E+00
   .1848800E+00   .1798442E+00   .1599133E+00   .1260319E+00   .8620592E-01
   .4535892E-01   .1120414E-02  -.2583215E-01  -.3635048E-01  -.4507973E-01
  -.5384060E-01  -.6770249E-01  -.7505168E-01  -.6448559E-01  -.4071154E-01
  -.2844002E-01  -.2002818E-01  -.5817645E-02   .6804750E-02   .8116364E-02
  -.2730424E-02  -.1505111E-01  -.1076314E-01   .5909662E-02   .1028637E-01
   .6309272E-02   .8506236E-02   .3259137E-01   .6192339E-01   .6899187E-01
   .5130087E-01   .1418804E-01  -.2957212E-01  -.5313527E-01  -.5919216E-01
  -.5885161E-01  -.6462290E-01  -.5089078E-01   .1120770E-01   .6574901E-01
   .8207398E-01   .8529193E-01   .6889732E-01   .3508928E-01   .2311842E-01
   .2688717E-01   .2040187E-01  -.1915490E-01  -.4602491E-01  -.5234192E-01
  -.6845603E-01  -.8827683E-01  -.9248143E-01  -.7515892E-01  -.6356882E-01
  -.6394842E-01  -.6557242E-01  -.6262478E-01  -.6117858E-01  -.4246685E-01
  -.6532414E-02   .5525859E-02  -.7725129E-02  -.2334966E-01  -.2968199E-01
  -.4115614E-01  -.5924703E-01  -.7042131E-01  -.6705344E-01  -.3770108E-01
  -.5203720E-04   .3257554E-01   .6165352E-01   .7973590E-01   .8247545E-01
   .5630308E-01   .1729197E-01  -.2107041E-01  -.5733466E-01  -.7398633E-01
  -.5696069E-01  -.1444219E-01   .8274044E-02   .1741407E-01   .2845028E-01
   .3993834E-01   .4440575E-01   .4424949E-01   .4812427E-01   .4832706E-01
   .4165810E-01   .3279410E-01   .2762148E-01   .1829541E-01   .2032332E-02
  -.1601167E-01  -.3115174E-01  -.4992912E-01  -.7052619E-01  -.7983185E-01
  -.7613150E-01  -.4974328E-01   .2767115E-02   .5610678E-01   .9619564E-01
   .1193535E+00   .1261240E+00   .1080678E+00   .7509097E-01   .5621260E-01
   .3946092E-01   .9026964E-02  -.3627757E-01  -.8444934E-01  -.1059093E+00
  -.1052843E+00  -.6868079E-01  -.1443028E-01   .3526084E-01   .7357283E-01
   .8749052E-01   .8250044E-01   .4560885E-01  -.9925271E-02  -.6513402E-01
  -.8665930E-01  -.8345572E-01  -.7282754E-01  -.5400265E-01  -.3399661E-01
  -.2372136E-01  -.1994657E-01  -.1131760E-01  -.1000538E-02   .2956827E-02
  -.4478187E-02  -.1837694E-01  -.2429420E-01  -.1831214E-01  -.1412323E-01
  -.1174483E-01  -.1137175E-01  -.1196053E-01  -.1503913E-01  -.1548001E-01
  -.7262109E-02   .1216909E-02   .3458628E-02  -.2127134E-02  -.8215758E-02
  -.2790620E-02   .1392694E-01   .3520797E-01   .4995693E-01   .5465684E-01
   .6227293E-01   .7444333E-01   .8257963E-01   .8138393E-01   .7429673E-01
   .6749002E-01   .5567103E-01   .4047380E-01   .3132823E-01   .3031512E-01
   .2797193E-01   .2019112E-01   .1233279E-01   .9436763E-02   .5998092E-02
  -.5562840E-02  -.2826421E-01  -.5386136E-01  -.7220836E-01  -.8512895E-01
  -.9453054E-01  -.8775086E-01  -.4420119E-01  -.7535260E-03   .1700748E-01
   .2780902E-01   .3831477E-01   .4741087E-01   .4786452E-01   .3561406E-01
   .2219367E-01   .1241671E-01   .4107533E-02   .3391236E-02   .9672139E-02
   .1655994E-01   .1903726E-01   .1919817E-01   .1740067E-01   .1050419E-01
   .2886571E-02   .1447093E-02   .1464174E-02  -.8761585E-02  -.3161290E-01
  -.4859922E-01  -.4667168E-01  -.2240410E-01  -.2118601E-02   .1762239E-02
   .5269760E-02   .9953339E-02   .8595460E-02  -.5964280E-02  -.2844432E-01
  -.4668014E-01  -.5326450E-01  -.4860234E-01  -.4080572E-01  -.3671884E-01
  -.3186288E-01  -.2319008E-01  -.1508644E-01  -.1495818E-01  -.2435876E-01
  -.3047597E-01  -.2921347E-01  -.2677593E-01  -.2732291E-01  -.2401939E-01
  -.8044410E-02   .1824850E-02  -.3837431E-02  -.1173657E-01  -.1030271E-01
  -.2084833E-02   .7538607E-02   .1744867E-01   .1922627E-01   .8201847E-02
  -.5767314E-02  -.1427335E-01  -.1459695E-01  -.9487014E-02   .1208777E-01
   .3954794E-01   .5038212E-01   .4827251E-01   .4542645E-01   .4989583E-01
   .5264345E-01   .4865397E-01   .4440745E-01   .4575563E-01   .4034019E-01
   .2693101E-01   .1213770E-01   .9898592E-03  -.3953318E-02  -.5931356E-02
  -.1226479E-01  -.2964789E-01  -.4781129E-01  -.5799726E-01  -.5677454E-01
  -.4519882E-01  -.2536925E-01  -.7173730E-02   .1447054E-02   .2583079E-02
   .6262983E-02   .1802945E-01   .3041811E-01   .3148580E-01   .2241978E-01
   .1181051E-01  -.3869026E-03  -.1267714E-01  -.1591589E-01  -.2616362E-02
   .1411547E-01   .2238639E-01   .2356526E-01   .2361091E-01   .2130342E-01
   .1628987E-01   .9668798E-02   .3661473E-03  -.7748202E-02  -.1851047E-01
  -.2802018E-01  -.2917099E-01  -.2292884E-01  -.2095539E-01  -.2272941E-01
  -.1755316E-01  -.1093361E-01  -.6523375E-02  -.1034862E-01  -.1097005E-01
  -.8292792E-02  -.1035242E-01  -.1230392E-01  -.1029987E-01  -.8898630E-02
  -.1318797E-01  -.1833616E-01  -.2150962E-01  -.2065204E-01  -.1442416E-01
  -.5234203E-02   .6057977E-02   .2285306E-01   .3700226E-01   .4558430E-01
   .4472012E-01   .4073372E-01   .3473792E-01   .2292914E-01   .5393069E-02
  -.1226745E-01  -.2244626E-01  -.2858690E-01  -.3338521E-01  -.3747973E-01
  -.3879780E-01  -.3342161E-01  -.2078303E-01  -.3839019E-02   .6398489E-02
   .4042058E-02  -.3547992E-02  -.6257342E-02  -.2589516E-03   .7662139E-02
   .1773747E-01   .2470384E-01   .2305632E-01   .1342219E-01   .5248704E-02
   .1548939E-02   .1335534E-02   .5269449E-02   .1053345E-01   .1588618E-01
   .2401332E-01   .3280448E-01   .3392422E-01   .2432682E-01   .1065044E-01
   .5237078E-02   .8906820E-02   .1123934E-01   .3270884E-02  -.8653134E-02
  -.1607691E-01  -.1960836E-01  -.1961572E-01  -.1311853E-01  -.2614787E-02
   .4038460E-02   .1371968E-02  -.3951623E-02   .1750861E-03   .1218334E-01
   .1995553E-01   .2375482E-01   .2717263E-01   .2649004E-01   .1987718E-01
   .4966610E-02  -.1083441E-01  -.2041344E-01  -.2202422E-01  -.1697951E-01
  -.6319689E-02   .5347889E-02   .1425535E-01   .1263641E-01  -.4600771E-02
  -.2307725E-01  -.3045511E-01  -.3168032E-01  -.3158362E-01  -.2928984E-01
  -.2157679E-01  -.1040289E-01   .2858960E-02   .1788949E-01   .2585753E-01
   .2311864E-01   .1750029E-01   .1517756E-01   .1584140E-01   .2112073E-01
   .2616342E-01   .2778809E-01   .2741969E-01   .2886790E-01   .3091792E-01
   .3013846E-01   .2566353E-01   .1765533E-01   .8337452E-02  -.4149568E-02
  -.1731693E-01  -.2540264E-01  -.3011930E-01  -.3498692E-01  -.3522067E-01
  -.2551759E-01  -.1675596E-01  -.1138788E-01  -.3047510E-02   .6589278E-02
   .1324461E-01   .1316896E-01   .1374203E-01   .1612662E-01   .1842349E-01
   .1769301E-01   .1016014E-01   .6300296E-02   .6978432E-02   .4937249E-02
  -.7106526E-03  -.7335714E-02  -.1085181E-01  -.1363453E-01  -.1281563E-01
  -.1064319E-01  -.8946066E-02  -.6719562E-02  -.3668898E-02   .5802683E-03
   .7354955E-02   .1462740E-01   .2139699E-01   .2923146E-01   .3481275E-01
   .3536544E-01   .2772651E-01   .1687255E-01   .6867222E-02  -.2800626E-03
  -.6913266E-02  -.1480923E-01  -.2207381E-01  -.2780431E-01  -.2694255E-01
  -.2087063E-01  -.1323913E-01  -.6177809E-02   .2256147E-03   .1583099E-02
  -.3630255E-02  -.8104109E-02  -.1028806E-01  -.8412414E-02  -.5128144E-02
  -.2985744E-03   .3684397E-02   .2246069E-02  -.2653118E-02  -.8745704E-02
  -.1102247E-01  -.6104153E-02   .2379063E-02   .9551582E-02   .1229628E-01
   .8558881E-02   .3993241E-02   .4957023E-02   .7017305E-02   .3452289E-02
  -.6991606E-02  -.1619518E-01  -.1998969E-01  -.1747041E-01  -.7743797E-02
   .1973632E-02   .6006603E-02   .2274315E-02  -.3780512E-02  -.5160678E-02
  -.2637304E-02  -.4798788E-02  -.1028955E-01  -.1779073E-01  -.2557649E-01
  -.2711781E-01  -.1791139E-01   .6906727E-04   .1302807E-01   .1340537E-01
   .4164079E-02  -.8441176E-02  -.1773755E-01  -.1989392E-01  -.1741031E-01
  -.1224308E-01  -.8796592E-02  -.7854199E-02  -.4557646E-02   .1558188E-02
   .7915763E-02   .1306362E-01   .1993936E-01   .2760151E-01   .3218123E-01
   .3439455E-01   .3142015E-01   .2458098E-01   .1794376E-01   .1679721E-01
   .1910947E-01   .1867182E-01   .1601056E-01   .1086867E-01   .5799203E-02
   .3876434E-02   .3753966E-02   .4009918E-02   .1826032E-02  -.3347473E-02
  -.8562797E-02  -.1339358E-01  -.1790306E-01  -.2358452E-01  -.2561234E-01
  -.2126108E-01  -.1498304E-01  -.1105406E-01  -.8790731E-02  -.4870926E-02
  -.2000699E-02  -.2095612E-02  -.9991634E-03   .1958786E-02   .7741117E-02
   .1101119E-01   .7289161E-02   .4338255E-02   .3706830E-02   .8813866E-03
  -.5183576E-02  -.8583279E-02  -.6789139E-02  -.2492939E-02   .1942765E-05
  -.1528095E-02  -.3593631E-02  -.5188947E-02  -.1015128E-01  -.1789617E-01
  -.2421715E-01  -.2932534E-01  -.3146431E-01  -.2794330E-01  -.2224968E-01
  -.1923051E-01  -.1484454E-01  -.6274522E-02   .2137394E-02   .9375291E-02
   .1709463E-01   .2229865E-01   .2250977E-01   .1781367E-01   .1275139E-01
   .1186500E-01   .1427116E-01   .1908045E-01   .2394992E-01   .2803806E-01
   .2955479E-01   .2721388E-01   .2284011E-01   .2257695E-01   .2583074E-01
   .2874793E-01   .2747293E-01   .2156305E-01   .1340814E-01   .4766704E-02
   .5847039E-03  -.5904535E-02  -.1560677E-01  -.2425331E-01  -.2820580E-01
  -.2609848E-01  -.1883709E-01  -.1037211E-01  -.2584399E-02  -.1026849E-02
  -.7061158E-02  -.1314341E-01  -.1696941E-01  -.2201738E-01  -.2594539E-01
  -.2105855E-01  -.1354215E-01  -.8103496E-02  -.5278076E-02  -.3136056E-02
  -.2075235E-02  -.3525653E-02  -.2730029E-02  -.1270385E-02  -.3519460E-02
  -.4861753E-02  -.2767666E-02   .2014123E-02   .8143332E-02   .1204588E-01
   .1156549E-01   .8390267E-02   .6372741E-02   .1652216E-02  -.2645008E-02
  -.5795751E-02  -.9824713E-02  -.8913815E-02  -.7357254E-02  -.5360052E-02
  -.4424670E-02  -.4867307E-02  -.6694083E-02  -.7511057E-02  -.4827391E-02
  -.4499924E-02  -.4306075E-02  -.7541466E-02  -.1030868E-01  -.1046774E-01
  -.8748991E-02  -.4756658E-02  -.2067883E-02  -.1456848E-02  -.1929051E-02
   .1179967E-02   .6019925E-02   .1104654E-01   .1327021E-01   .1128331E-01
   .7032011E-02   .2939834E-02   .4044559E-02   .2544205E-02   .2079220E-04
  -.1313300E-02  -.5115791E-02  -.6219361E-02  -.3612170E-02  -.8427982E-03
  -.1389445E-02  -.3014231E-02  -.5625356E-02  -.7556140E-02  -.7833503E-02
  -.6505385E-02  -.7174426E-02  -.1121355E-01  -.1475899E-01  -.9709903E-02
   .1595859E-02   .7082523E-02   .6821488E-02   .3174054E-02  -.1889139E-02
  -.8767931E-02  -.8077302E-02  -.4423573E-02  -.8290021E-03   .7939096E-03
  -.9430577E-03  -.3411640E-03  -.1348829E-02  -.2976654E-02  -.1726037E-02
  -.1796196E-03  -.5508111E-04  -.2766142E-02  -.8545362E-02  -.9411240E-02
  -.8217738E-02  -.9486515E-02  -.1191707E-01  -.8061366E-02  -.3179539E-02
  -.4184132E-02  -.4870484E-02  -.4043155E-02  -.8082245E-02  -.1022515E-01
  -.6031822E-02   .7401003E-04   .6277763E-02   .1124426E-01   .1803757E-01
   .2108749E-01   .1715449E-01   .9563765E-02   .5035084E-02   .3795904E-02
   .3707285E-02   .5412847E-02   .4307289E-02  -.1525967E-02  -.7659102E-02
  -.3116917E-02   .6132569E-02   .1167130E-01   .1014040E-01   .9563214E-02
   .1053642E-01   .5793554E-02   .1472965E-02  -.4548982E-02  -.1317091E-01
  -.2381957E-01  -.2872564E-01  -.2482196E-01  -.1561531E-01  -.2860069E-02
   .8444729E-02   .1672931E-01   .2381641E-01   .2727537E-01   .2395745E-01
   .1485409E-01   .5277457E-02  -.3185338E-02  -.5511813E-02  -.3871507E-02
  -.3051280E-02  -.5225523E-03   .3798316E-02   .8082466E-02   .9435135E-02
   .1000343E-01   .7620858E-02   .6831530E-02   .8018964E-02   .1087410E-01
   .1164435E-01   .7860309E-02   .2834925E-02  -.3132938E-02  -.7059779E-02
  -.8854821E-02  -.8128421E-02  -.7332661E-02  -.8916560E-02  -.8616518E-02
  -.5941915E-02  -.2083316E-03   .4643972E-02   .7326737E-02   .5048223E-02
   .7031897E-03  -.1676303E-02   .2653765E-02   .1776625E-01   .3180774E-01
   .2730563E-01   .5303383E-02  -.8034986E-02  -.6845492E-02   .9464603E-03
   .8771055E-02   .1652935E-01   .1685082E-01   .1291380E-01   .1129524E-01
   .7335773E-02   .3016251E-02   .7166809E-02   .1423559E-01   .1168475E-01
   .3893149E-02  -.3239530E-02  -.1264681E-01  -.2151756E-01  -.2642052E-01
  -.2322672E-01  -.1517567E-01  -.5034649E-02   .1834217E-02  -.4952766E-03
  -.4721969E-02  -.5993722E-02  -.2610193E-02   .3120355E-02   .4481225E-02
   .3300255E-02   .4175606E-02   .9003458E-02   .1182395E-01   .9462841E-02
   .1065031E-01   .1224375E-01   .1181044E-01   .6385258E-02  -.9358668E-04
  -.8465550E-02  -.1183747E-01  -.8373358E-02  -.3132399E-02  -.5179409E-03
  -.5696282E-02  -.1136014E-01  -.1523798E-01  -.1738590E-01  -.1546708E-01
  -.1025978E-01  -.8631657E-02  -.6580235E-02  -.3411912E-02  -.2996885E-03
   .1065276E-02   .2357820E-02   .4712185E-02   .2795811E-02  -.2905031E-03
   .1021423E-02   .4249930E-02   .5894378E-02   .1011535E-01   .1010331E-01
   .8554143E-02   .4834412E-02  -.1778038E-02  -.6829887E-02  -.8809497E-02
  -.8341107E-02  -.7550394E-02  -.6399622E-02  -.4880630E-02  -.3394277E-02
  -.2668844E-02   .4646809E-02   .1337312E-01   .1670874E-01   .1501065E-01
   .1063915E-01   .4709083E-02  -.2213806E-03  -.3449464E-02  -.5755468E-02
  -.3234831E-02   .8362067E-03   .5122464E-02   .7293242E-02   .9703722E-02
   .1202546E-01   .1059156E-01   .6587258E-02   .1953618E-02  -.9378623E-03
   .1809218E-02   .7634659E-02   .1211064E-01   .1436098E-01   .1256906E-01
   .7156144E-02   .1590226E-02  -.1728631E-02  -.4488529E-02  -.9149706E-02
  -.1255220E-01  -.1156564E-01  -.9859976E-02  -.8862193E-02  -.9062909E-02
  -.9613484E-02  -.1123710E-01  -.1379911E-01  -.1389579E-01  -.1326316E-01
  -.1136982E-01  -.6347113E-02  -.1146927E-02   .2517138E-02   .5230564E-02
   .7834851E-02   .6434617E-02   .4399944E-02   .3232306E-03  -.1525802E-02
  -.4730415E-02  -.7360767E-02  -.6129401E-02  -.6699353E-02  -.7485546E-02
  -.1049228E-01  -.1278297E-01  -.1419238E-01  -.1455527E-01  -.1361869E-01
  -.1290548E-01  -.1075815E-01  -.7906002E-02  -.6304373E-02  -.3344105E-02
   .6055632E-03   .6739050E-02   .9738080E-02   .8759109E-02   .6014517E-02
   .4016566E-02   .5412155E-02   .7703303E-02   .1060645E-01   .1097388E-01
   .6330049E-02   .9385580E-03  -.2229934E-03   .1904955E-02   .6286084E-02
   .1032653E-01   .1119274E-01   .9994470E-02   .7966937E-02   .6264786E-02
   .4962474E-02   .1539582E-02   .1212390E-02  -.1734162E-02  -.5097894E-02
  -.5541366E-02  -.4865899E-02  -.3762031E-02  -.2418464E-02  -.9494365E-03
  -.1631589E-02  -.1963882E-02  -.8212556E-03   .1796291E-02   .4481157E-02
   .4877144E-02   .4839630E-02   .4882696E-02   .4378022E-02   .5059607E-02
   .4187733E-02   .4498038E-02   .3848523E-02  -.9615724E-03  -.6099088E-02
  -.8658043E-02  -.8585399E-02  -.8930956E-02  -.1089219E-01  -.1345421E-01
  -.1494421E-01  -.1365878E-01  -.8615681E-02  -.2482199E-02   .1870363E-02
   .3368964E-02   .1753505E-02   .9897460E-03   .1285767E-02   .3936967E-02
   .6942106E-02   .8281586E-02   .1175286E-01   .1316170E-01   .1501832E-01
   .1387308E-01   .1349080E-01   .1198447E-01   .9435711E-02   .1095063E-01
   .1142412E-01   .1178644E-01   .1107061E-01   .8622829E-02   .3624023E-02
  -.7209627E-03  -.4346849E-02  -.7622876E-02  -.9306685E-02  -.9807292E-02
  -.1171448E-01  -.1259453E-01  -.1240562E-01  -.1166183E-01  -.9274821E-02
  -.7522253E-02  -.8934743E-02  -.7396376E-02  -.6931048E-02  -.8306822E-02
  -.8134236E-02  -.4229470E-02   .1082894E-02   .5874038E-02   .6689222E-02
   .5380765E-02   .5443188E-02   .5537229E-02   .8913631E-02   .1033163E-01
   .1140283E-01   .9787350E-02   .6704089E-02   .3918667E-02   .8262243E-03
  -.1443079E-02  -.5349483E-02  -.7333188E-02  -.7246294E-02  -.5894600E-02
  -.1785847E-02   .1047905E-02   .1696817E-02  -.8438126E-03  -.4802242E-02
  -.7652953E-02  -.7716005E-02  -.5279036E-02  -.4526090E-02  -.3229484E-02
  -.1010799E-02   .1265006E-02   .3520409E-02   .4131572E-02   .4983454E-02
   .3654575E-02   .3641495E-02   .3166355E-02   .3455193E-02   .2788291E-02
  -.1107932E-02  -.3151836E-02  -.5813861E-02  -.7321247E-02  -.7492434E-02
  -.4433282E-02  -.1100771E-02   .3852519E-02   .7551208E-02   .1024622E-01
   .1185288E-01   .1235489E-01   .1222348E-01   .1031114E-01   .8567104E-02
   .8020545E-02   .7623927E-02   .6277687E-02   .3244366E-02  -.1591295E-02
  -.6226018E-02  -.8983943E-02  -.7533347E-02  -.3535813E-02  -.9713809E-03
  -.1213989E-02  -.1809519E-02  -.4379769E-02  -.5654621E-02  -.4370294E-02
  -.3397068E-02  -.4626023E-02  -.4298460E-02  -.4550257E-02  -.5917936E-02
  -.6630776E-02  -.8996018E-02  -.9896539E-02  -.1139478E-01  -.1265129E-01
  -.1209423E-01  -.1089764E-01  -.1052827E-01  -.1024458E-01  -.7197710E-02
  -.2706524E-02   .2551702E-02   .6758307E-02   .7129711E-02   .5748753E-02
   .5026714E-02   .4154734E-02   .4715852E-02   .6643769E-02   .6295044E-02
   .4796778E-02   .4319531E-02   .4289042E-02   .3345652E-02   .2859221E-02
   .2389108E-02   .2043433E-02   .5090278E-02   .3982660E-02   .1223662E-02
  -.1520039E-02  -.5467340E-02  -.7191043E-02  -.7242968E-02  -.4984595E-02
  -.1931643E-02  -.1591892E-02  -.3423723E-02  -.4269215E-02  -.3797889E-02
  -.3680505E-02  -.5350162E-02  -.6661801E-02  -.7372661E-02  -.9540083E-02
  -.1037947E-01  -.7834491E-02  -.3728919E-02   .9345923E-03   .3053202E-02
   .4403750E-02   .5639036E-02   .6608101E-02   .6282783E-02   .7221245E-02
   .9799865E-02   .1098618E-01   .9336898E-02   .6910373E-02   .6872685E-02
   .4787856E-02   .2168545E-02   .1653124E-03  -.9801023E-03  -.2679379E-02
  -.6583897E-02  -.1011408E-01  -.1387070E-01  -.1526092E-01  -.1442347E-01
  -.1219780E-01  -.9286685E-02  -.6452077E-02  -.3391030E-02  -.9868657E-03
   .2176177E-02   .5550358E-02   .6590777E-02   .5724814E-02   .5405569E-02
   .6233822E-02   .7256893E-02   .7275262E-02   .7876049E-02   .6492934E-02
   .5320957E-02   .3950078E-02   .1053277E-02  -.1392686E-02  -.3017552E-02
  -.2494299E-02  -.2354569E-02  -.1768080E-02   .7145859E-03   .3857190E-02
   .4380432E-02   .4378372E-02   .6276569E-02   .6661085E-02   .5660438E-02
   .3347049E-02   .2941058E-02   .5260505E-02   .5804130E-02   .6322251E-02
   .6497651E-02   .6223229E-02   .5551004E-02   .2827557E-02   .3119228E-02
   .2892737E-02   .2813123E-02   .1780827E-02   .6985481E-03   .1304367E-02
   .1661304E-02   .3450318E-02   .5707510E-02   .6532620E-02   .7718807E-02
   .8970273E-02   .7998134E-02   .6886254E-02   .4995091E-02   .1827907E-02
   .1798239E-02   .3920769E-02   .5583276E-02   .2348762E-02  -.1469196E-02
  -.4057036E-02  -.5106718E-02  -.6442004E-02  -.7444771E-02  -.6355522E-02
  -.6308715E-02  -.2865310E-02   .1354115E-03   .1695891E-02   .4799273E-03
   .5144814E-03  -.1588474E-03   .1956501E-02   .2737687E-02   .5843303E-03
  -.1374209E-02  -.4863770E-02  -.3456316E-02  -.1088024E-02   .2102855E-03
   .1735232E-04  -.5243674E-05  -.1706762E-02  -.3116564E-02  -.2074288E-02
  -.1621576E-02  -.2411226E-02  -.4677839E-02  -.6239634E-02  -.5698193E-02
  -.5090454E-02  -.6610439E-02  -.9537006E-02  -.9168976E-02  -.8788711E-02
  -.7783185E-02  -.4855985E-02  -.1264473E-03   .2406008E-02   .4786479E-02
   .5517608E-02   .5657134E-02   .5900697E-02   .4351097E-02   .6542853E-02
   .6576287E-02   .5727418E-02   .3071105E-02  -.7806500E-03  -.2884129E-02
  -.5598590E-02  -.5410135E-02  -.4294504E-02  -.3928575E-02  -.2472269E-02
  -.1089407E-02   .2874052E-02   .6574348E-02   .7473720E-02   .8403690E-02
   .8579876E-02   .8668339E-02   .7516478E-02   .4166515E-02   .2524028E-02
   .2430177E-03  -.4880736E-02  -.7808434E-02  -.8708374E-02  -.6860437E-02
  -.5474564E-02  -.5166834E-02  -.4911128E-02  -.6808646E-02  -.6567226E-02
  -.4826410E-02  -.2780618E-02  -.2912529E-02  -.3265784E-02  -.2786722E-02
  -.2474944E-02  -.2640529E-02  -.1873837E-02   .8441102E-03   .2556334E-02
   .3023135E-02   .4785332E-02   .4935925E-02   .4636695E-02   .5113682E-02
   .4683884E-02   .5331203E-02   .4872838E-02   .2641710E-02   .1261258E-02
   .1367962E-02   .2606862E-02   .5539979E-02   .4872492E-02   .2739261E-02
   .6009269E-03  -.1451114E-03   .2461586E-02   .3191480E-02   .3593951E-02
   .1777917E-02   .1114480E-02   .2235018E-02  -.8529668E-03  -.2986236E-02
  -.3891429E-02  -.4517146E-02  -.7061487E-02  -.8164571E-02  -.5813940E-02
  -.3347033E-02  -.2323430E-02  -.5521705E-03   .2144225E-02   .3767576E-02
   .2848063E-02   .3495863E-03  -.1941835E-02  -.5070679E-02  -.2033629E-02
   .2334518E-02   .4899301E-02   .2120299E-02  -.2268266E-02  -.3487696E-02
  -.3569830E-02  -.2121968E-02  -.1853231E-02  -.3347057E-02  -.3733168E-02
  -.3676603E-02  -.3297723E-02  -.2194646E-02  -.2221734E-02  -.2732306E-02
  -.6473223E-02  -.7744724E-02  -.6500909E-02  -.4089198E-02  -.1182792E-02
   .3221292E-03   .1025326E-02   .3488019E-02   .3598588E-02   .3845832E-02
   .3042471E-02   .6438262E-03  -.2406603E-02  -.4642057E-02  -.5540295E-02
  -.5317558E-02  -.4937746E-02  -.4529378E-02  -.1858655E-02  -.1576776E-02
  -.1599882E-02  -.1639312E-02  -.8535676E-03   .7155327E-03   .2181083E-03
  -.1710622E-02  -.9076665E-03  -.2854156E-03   .6536811E-03  -.3557242E-03
  -.2213745E-02  -.4001796E-02  -.4064571E-02  -.3158083E-02  -.1788652E-02
  -.1618705E-02  -.3334148E-02  -.5498497E-02  -.6956720E-02  -.6950731E-02
  -.6736975E-02  -.4300067E-02  -.3272614E-02  -.1217655E-02  -.2398347E-03
  -.4689690E-03  -.6446780E-03   .1321106E-02   .2291402E-02   .2227557E-02
   .2027595E-02   .1777491E-02   .1984692E-02   .1990094E-02   .2524547E-02
   .2317269E-02   .3749007E-02   .5026939E-02   .5756339E-02   .6309657E-02
   .7374174E-02   .7566959E-02   .7609455E-02   .7715312E-02   .7582492E-02
   .7649701E-02   .5731296E-02   .3966328E-02   .2614716E-02   .3944131E-03
  -.7454769E-03  -.1647233E-02  -.1242860E-02  -.1140606E-02  -.1774104E-02
  -.2229636E-02  -.2799585E-02  -.4338142E-02  -.7077853E-02  -.9003376E-02
  -.8997817E-02  -.8335230E-02  -.6072546E-02  -.4356633E-02  -.3923402E-02
  -.2496136E-02  -.2118188E-02  -.3101891E-02  -.2952196E-02  -.2768737E-02
  -.3854285E-02  -.2636057E-02  -.6903841E-03   .1488660E-02   .3069879E-02
   .2735455E-02   .2719348E-02   .2676248E-02   .3316916E-02   .3071713E-02
   .2510030E-02   .2664936E-02   .2702249E-02   .3429132E-02   .4743858E-02
   .3470929E-02   .3307829E-02   .3785481E-02   .2613651E-02   .2383379E-02
   .2651488E-02   .3564134E-02   .2600782E-02   .2475649E-02   .2227531E-02
   .2750062E-02   .3688369E-02   .3675505E-02   .3006218E-02   .2293650E-02
   .2098848E-02   .1501051E-02   .9179587E-03   .5998490E-03   .3694022E-03
   .2764216E-03   .6651625E-03   .1321514E-02   .1167331E-02   .6239747E-03
   .3808092E-03   .4095373E-03   .5860908E-03   .2042505E-03   .2922338E-03
   .4061173E-03   .3904102E-03   .3413415E-03   .1676166E-03  -.2606188E-03
  -.7801613E-03  -.4135827E-03   .2524801E-03   .6438808E-03   .6458132E-03
   .9802769E-03   .1085119E-02   .3532464E-03   .1251863E-03   .4067025E-03
   .3642605E-03  -.4174913E-03  -.7394764E-03  -.7626900E-03  -.2004732E-03
   .1049502E-03   .8012546E-03   .1939874E-02   .1651936E-02   .1555918E-02
   .1412589E-02   .1097303E-02   .8814829E-03   .4831264E-03   .4723300E-03
   .4305208E-03   .3739935E-03   .4114290E-03   .6939033E-03   .8085679E-03
   .5264553E-03   .5146008E-03   .6509536E-03   .4253789E-03   .2171841E-03
   .4858430E-04  -.4175497E-04  -.1854739E-03  -.5300694E-03  -.5707608E-03
  -.5755219E-03  -.6006511E-03  -.7069193E-03  -.8697488E-03  -.1023268E-02
  -.1182489E-02  -.1170671E-02  -.1267813E-02  -.1098358E-02  -.8448039E-03
  -.6952662E-03  -.6634421E-03  -.5351785E-03  -.4413873E-03  -.5203488E-03
  -.5626625E-03  -.5782082E-03  -.5478684E-03  -.5437361E-03  -.4599312E-03
  -.4876100E-03  -.5279778E-03  -.5245250E-03  -.4979898E-03  -.4445689E-03
  -.4045582E-03  -.3653940E-03  -.3522817E-03  -.3482373E-03  -.3384871E-03
  -.3064153E-03  -.2959446E-03  -.2904525E-03  -.2987819E-03  -.2988059E-03
  -.2885361E-03  -.2796916E-03  -.2688721E-03  -.2637719E-03  -.2531304E-03
  -.2460858E-03  -.2416538E-03  -.2400614E-03  -.2415438E-03  -.2456055E-03


